cyl 2.15 (49.05, -32.47, -2.189) (0.0, 0.0, 1.0)
cyl 2.15 (49.05, -32.47, -2.189) (0.0, 0.0, 1.0)
cyl 0.25 (49.835, -5.731, -2.189) (0.0, 0.0, 1.0)
cyl 0.25 (50.635, -5.731, -2.189) (0.0, 0.0, 1.0)
cyl 0.381 (46.555, 1.484, -2.189) (0.0, 0.0, 1.0)
cyl 0.381 (46.555, 1.484, -2.189) (0.0, 0.0, 1.0)
cyl 0.25 (45.455, -5.731, -2.189) (0.0, 0.0, 1.0)
cyl 0.25 (46.655, -5.731, -2.189) (0.0, 0.0, 1.0)
cyl 0.381 (46.555, -4.296, -2.189) (0.0, 0.0, 1.0)
cyl 0.381 (46.555, -4.296, -2.189) (0.0, 0.0, 1.0)
cyl 0.445 (36.289, -26.077, -2.189) (0.0, 0.0, 1.0)
cyl 0.445 (36.289, -26.077, -2.189) (0.0, 0.0, 1.0)
cyl 0.445 (33.749, -26.077, -2.189) (0.0, 0.0, 1.0)
cyl 0.445 (33.749, -26.077, -2.189) (0.0, 0.0, 1.0)
cyl 0.445 (31.209, -26.077, -2.189) (0.0, 0.0, 1.0)
cyl 0.445 (31.209, -26.077, -2.189) (0.0, 0.0, 1.0)
cyl 0.445 (9.262, -25.99, -2.189) (0.0, 0.0, 1.0)
cyl 0.445 (9.262, -25.99, -2.189) (0.0, 0.0, 1.0)
cyl 0.25 (49.964, 14.239, -2.189) (0.0, 0.0, 1.0)
cyl 0.25 (50.764, 14.239, -2.189) (0.0, 0.0, 1.0)
cyl 0.25 (49.835, 2.919, -2.189) (0.0, 0.0, 1.0)
cyl 0.25 (50.635, 2.919, -2.189) (0.0, 0.0, 1.0)
cyl 2.15 (49.05, 27.53, -2.189) (0.0, 0.0, 1.0)
cyl 2.15 (49.05, 27.53, -2.189) (0.0, 0.0, 1.0)
cyl 0.381 (46.684, 15.674, -2.189) (0.0, 0.0, 1.0)
cyl 0.381 (46.684, 15.674, -2.189) (0.0, 0.0, 1.0)
cyl 0.25 (49.964, 22.889, -2.189) (0.0, 0.0, 1.0)
cyl 0.25 (50.764, 22.889, -2.189) (0.0, 0.0, 1.0)
cyl 0.25 (45.584, 14.239, -2.189) (0.0, 0.0, 1.0)
cyl 0.25 (46.784, 14.239, -2.189) (0.0, 0.0, 1.0)
cyl 0.25 (45.455, 2.919, -2.189) (0.0, 0.0, 1.0)
cyl 0.25 (46.655, 2.919, -2.189) (0.0, 0.0, 1.0)
cyl 0.381 (46.684, 21.454, -2.189) (0.0, 0.0, 1.0)
cyl 0.381 (46.684, 21.454, -2.189) (0.0, 0.0, 1.0)
cyl 0.25 (45.584, 22.889, -2.189) (0.0, 0.0, 1.0)
cyl 0.25 (46.784, 22.889, -2.189) (0.0, 0.0, 1.0)
cyl 0.325 (7.394, 28.076, -2.189) (0.0, 0.0, 1.0)
cyl 0.325 (7.044, 28.076, -2.189) (0.0, 0.0, 1.0)
cyl 0.445 (6.722, -25.99, -2.189) (0.0, 0.0, 1.0)
cyl 0.445 (6.722, -25.99, -2.189) (0.0, 0.0, 1.0)
cyl 0.445 (4.182, -25.99, -2.189) (0.0, 0.0, 1.0)
cyl 0.445 (4.182, -25.99, -2.189) (0.0, 0.0, 1.0)
cyl 0.457 (-50.223, -3.738, -2.189) (0.0, 0.0, 1.0)
cyl 0.457 (-50.223, -3.738, -2.189) (0.0, 0.0, 1.0)
cyl 0.457 (-50.223, 2.262, -2.189) (0.0, 0.0, 1.0)
cyl 0.457 (-50.223, 2.262, -2.189) (0.0, 0.0, 1.0)
cyl 2.15 (-48.95, -32.47, -2.189) (0.0, 0.0, 1.0)
cyl 2.15 (-48.95, -32.47, -2.189) (0.0, 0.0, 1.0)
cyl 0.457 (-50.223, -10.453, -2.189) (0.0, 0.0, 1.0)
cyl 0.457 (-50.223, -10.453, -2.189) (0.0, 0.0, 1.0)
cyl 0.457 (-50.223, 0.262, -2.189) (0.0, 0.0, 1.0)
cyl 0.457 (-50.223, 0.262, -2.189) (0.0, 0.0, 1.0)
cyl 0.457 (-50.223, -8.453, -2.189) (0.0, 0.0, 1.0)
cyl 0.457 (-50.223, -8.453, -2.189) (0.0, 0.0, 1.0)
cyl 0.457 (-50.223, -1.738, -2.189) (0.0, 0.0, 1.0)
cyl 0.457 (-50.223, -1.738, -2.189) (0.0, 0.0, 1.0)
cyl 0.55 (-25.705, 25.047, -2.189) (0.0, 0.0, 1.0)
cyl 0.55 (-25.705, 25.047, -2.189) (0.0, 0.0, 1.0)
cyl 0.55 (-33.705, 25.047, -2.189) (0.0, 0.0, 1.0)
cyl 0.55 (-33.705, 25.047, -2.189) (0.0, 0.0, 1.0)
cyl 0.325 (2.394, 28.076, -2.189) (0.0, 0.0, 1.0)
cyl 0.325 (2.044, 28.076, -2.189) (0.0, 0.0, 1.0)
cyl 0.325 (-8.822, 28.183, -2.189) (0.0, 0.0, 1.0)
cyl 0.325 (-9.172, 28.183, -2.189) (0.0, 0.0, 1.0)
cyl 0.325 (-3.822, 28.183, -2.189) (0.0, 0.0, 1.0)
cyl 0.325 (-4.172, 28.183, -2.189) (0.0, 0.0, 1.0)
cyl 0.457 (-50.213, 13.13, -2.189) (0.0, 0.0, 1.0)
cyl 0.457 (-50.213, 13.13, -2.189) (0.0, 0.0, 1.0)
cyl 0.457 (-50.223, 7.13, -2.189) (0.0, 0.0, 1.0)
cyl 0.457 (-50.223, 7.13, -2.189) (0.0, 0.0, 1.0)
cyl 0.457 (-50.223, 9.13, -2.189) (0.0, 0.0, 1.0)
cyl 0.457 (-50.223, 9.13, -2.189) (0.0, 0.0, 1.0)
cyl 2.15 (-48.95, 27.53, -2.189) (0.0, 0.0, 1.0)
cyl 2.15 (-48.95, 27.53, -2.189) (0.0, 0.0, 1.0)
cyl 0.457 (-50.213, 15.13, -2.189) (0.0, 0.0, 1.0)
cyl 0.457 (-50.213, 15.13, -2.189) (0.0, 0.0, 1.0)
cyl 0.457 (-50.213, 17.13, -2.189) (0.0, 0.0, 1.0)
cyl 0.457 (-50.213, 17.13, -2.189) (0.0, 0.0, 1.0)
195 [-36.98, 3.55, -5.9, -12.88, 8.75, -3.65] 132.7
635 [14.87, 6.0, -4.46, 32.87, 31.5, -3.73] 331.1
688 [-36.81, 14.04, -5.55, -20.71, 29.05, -3.1] 188.8
689 [-52.42, -5.74, -12.1, -47.42, 4.26, -2.45] 146.0
690 [-52.41, 11.13, -12.1, -47.41, 19.13, -2.45] 125.7
